K,split,accuracy
1,0.01,97.23393698834036
1,0.01,98.65855173270401
1,0.01,98.78139766227306
1,0.01,97.22878091214116
1,0.01,97.77556853485771
1,0.01,95.54701066732821
1,0.01,98.647474872813
1,0.01,95.36761053154495
1,0.01,97.2721636701798
1,0.01,93.49281110560239
2,0.01,96.97420634920636
2,0.01,98.34864663521232
2,0.01,96.6248914257352
2,0.01,97.56853988338916
2,0.01,97.8295919632891
2,0.01,97.75517797345901
2,0.01,92.72344118011652
2,0.01,96.14143920595534
2,0.01,97.95234549516009
2,0.01,97.4030815109344
3,0.01,96.45293315143248
3,0.01,95.72245710022382
3,0.01,97.71910251642494
3,0.01,97.3475458601884
3,0.01,97.91356184798808
3,0.01,96.34539147670962
3,0.01,96.54872749844817
3,0.01,96.34328358208955
3,0.01,98.7810945273632
3,0.01,98.66004962779157
4,0.01,97.18432150831059
4,0.01,97.93865640134112
4,0.01,97.10810475363039
4,0.01,96.22688345538042
4,0.01,97.17402082300445
4,0.01,90.74786059779238
4,0.01,95.73571340027272
4,0.01,94.58788480635552
4,0.01,97.72079772079772
4,0.01,96.76178660049628
5,0.01,97.20531610980002
5,0.01,97.69288017861572
5,0.01,97.88471053933696
5,0.01,98.17436661698957
5,0.01,97.22669307911353
5,0.01,98.76160990712074
5,0.01,97.71740478848778
5,0.01,96.00049529470034
5,0.01,97.05955334987593
5,0.01,97.33382936507937
6,0.01,95.63492063492063
6,0.01,98.06187103988073
6,0.01,98.46039235162652
6,0.01,96.13622291021672
6,0.01,96.13135962184352
6,0.01,97.88924757884281
6,0.01,97.37953303527074
6,0.01,97.6827757125155
6,0.01,95.7454725874473
6,0.01,98.87152777777779
7,0.01,96.45513138324245
7,0.01,97.16805365793068
7,0.01,95.51035594691803
7,0.01,96.3794172349659
7,0.01,97.55764939251178
7,0.01,97.92881061639588
7,0.01,96.6467958271237
7,0.01,98.54640327991055
7,0.01,96.8854696612483
7,0.01,98.43517138599105
8,0.01,97.3389704053718
8,0.01,97.27148703956344
8,0.01,96.15098087906631
8,0.01,97.01789264413519
8,0.01,97.34075448361162
8,0.01,96.84589593940146
8,0.01,97.54128896063578
8,0.01,96.8854696612483
8,0.01,96.84941701810965
8,0.01,97.30702407545296
9,0.01,97.53162986851898
9,0.01,96.33631395926477
9,0.01,97.19602977667495
9,0.01,96.92307692307692
9,0.01,97.56430968062631
9,0.01,96.16577739173596
9,0.01,97.71627156509867
9,0.01,96.69799653722482
9,0.01,98.63387978142076
9,0.01,96.05312150924662
10,0.01,96.01638123603871
10,0.01,96.97383108024309
10,0.01,96.57185442802137
10,0.01,96.82184978274364
10,0.01,96.63241302463787
10,0.01,95.88819875776397
10,0.01,97.19024631761357
10,0.01,98.33436917339962
10,0.01,96.6501240694789
10,0.01,96.43964768639125
1,0.02,97.97271930922288
1,0.02,97.17514124293785
1,0.02,98.33375093961413
1,0.02,98.28320802005013
1,0.02,98.21742405222194
1,0.02,97.75210347858847
1,0.02,98.18113396889112
1,0.02,97.21350571105812
1,0.02,96.84605757196496
1,0.02,97.6592815120791
2,0.02,97.68315591734502
2,0.02,96.8695216629101
2,0.02,97.30643948884992
2,0.02,96.51119169688633
2,0.02,95.12470234365209
2,0.02,96.9803282796642
2,0.02,95.34912874514228
2,0.02,94.66700050075113
2,0.02,95.84120982986768
2,0.02,96.68840943301555
3,0.02,98.06581260989701
3,0.02,98.8216121348878
3,0.02,97.72300763167772
3,0.02,98.02714249811511
3,0.02,98.56981558148289
3,0.02,98.7806411062225
3,0.02,98.84291284115206
3,0.02,98.67284337047703
3,0.02,97.81681304893351
3,0.02,98.6606584053073
4,0.02,98.8360450563204
4,0.02,96.6211988487048
4,0.02,97.23340040241449
4,0.02,98.09928723271226
4,0.02,97.51941869205713
4,0.02,97.9839719509141
4,0.02,96.45629852241423
4,0.02,98.47366445639935
4,0.02,98.25021872265967
4,0.02,98.68864743349569
5,0.02,98.19277108433735
5,0.02,97.68989328311363
5,0.02,97.15752566992236
5,0.02,97.24241664577589
5,0.02,98.78400401153316
5,0.02,97.2034110860296
5,0.02,98.33270653127742
5,0.02,97.97068771138669
5,0.02,98.69543401906672
5,0.02,97.85553047404063
6,0.02,98.84653961885657
6,0.02,97.50251004016064
6,0.02,98.49906191369607
6,0.02,97.56709305242036
6,0.02,98.01507537688443
6,0.02,97.88353162179085
6,0.02,98.04339646306283
6,0.02,98.79593628496175
6,0.02,98.45806694245958
6,0.02,97.3964200776067
7,0.02,98.08462694041062
7,0.02,97.31896767727387
7,0.02,97.42623979912115
7,0.02,98.41091091091091
7,0.02,97.8400100464649
7,0.02,98.50877192982456
7,0.02,97.85175879396985
7,0.02,98.31995987963892
7,0.02,98.13376753507013
7,0.02,96.7967967967968
8,0.02,98.17930688096433
8,0.02,97.19544259421559
8,0.02,95.93984962406014
8,0.02,97.00125470514429
8,0.02,96.36454807571769
8,0.02,97.48309541697971
8,0.02,96.62865020679283
8,0.02,98.02937115601857
8,0.02,98.3697015299724
8,0.02,96.66875391358798
9,0.02,98.43299486022315
9,0.02,97.30269730269731
9,0.02,97.38488488488488
9,0.02,97.91979949874687
9,0.02,97.68989328311363
9,0.02,96.37753823013287
9,0.02,97.35157524789759
9,0.02,96.66122756370027
9,0.02,98.38264794383149
9,0.02,97.12924658392879
10,0.02,97.8184553660983
10,0.02,96.66583103534721
10,0.02,97.26919704371791
10,0.02,97.56556657046053
10,0.02,96.7430790429663
10,0.02,96.55948955335919
10,0.02,97.34824682669347
10,0.02,96.59531856302415
10,0.02,97.55271084337349
10,0.02,96.50087478130467
1,0.03,98.07399898631526
1,0.03,97.88286004056795
1,0.03,97.04464738711313
1,0.03,98.62042779395014
1,0.03,98.52160727824109
1,0.03,97.95221843003414
1,0.03,98.83337560233325
1,0.03,98.34051178109956
1,0.03,98.60988247188172
1,0.03,98.31496262511085
2,0.03,97.73331644928453
2,0.03,96.87222996074458
2,0.03,96.70385395537525
2,0.03,96.40915412820837
2,0.03,97.42254951752159
2,0.03,96.70427177082013
2,0.03,96.02481326750222
2,0.03,96.39057750759878
2,0.03,97.29179910998093
2,0.03,97.04951247309104
3,0.03,97.73847125710677
3,0.03,97.972373590166
3,0.03,98.60935524652339
3,0.03,98.60600684323913
3,0.03,98.08180894308943
3,0.03,98.32657200811359
3,0.03,98.6606014657569
3,0.03,98.25205826472451
3,0.03,98.48139711465453
3,0.03,98.83411481434545
4,0.03,98.6207769201569
4,0.03,98.62147464272164
4,0.03,97.59432767789313
4,0.03,98.82768183537124
4,0.03,98.22380106571936
4,0.03,98.08399949245019
4,0.03,98.11868686868686
4,0.03,98.22807239589926
4,0.03,98.0253164556962
4,0.03,98.65567533291059
5,0.03,98.57106727364695
5,0.03,98.27586206896551
5,0.03,98.49137931034483
5,0.03,98.86854818204934
5,0.03,98.77075148903815
5,0.03,98.71065604854002
5,0.03,98.34114220590098
5,0.03,98.87213280952984
5,0.03,97.4981046247157
5,0.03,98.292220113852
6,0.03,97.3634174166561
6,0.03,98.82382698874414
6,0.03,97.67471249842032
6,0.03,98.0844856019282
6,0.03,98.67223065250379
6,0.03,97.91535060012635
6,0.03,96.97736183128873
6,0.03,98.42699479893442
6,0.03,98.76090529776205
6,0.03,97.67647430231091
7,0.03,98.131910026687
7,0.03,98.65805798202304
7,0.03,98.09547993905537
7,0.03,98.87055837563452
7,0.03,98.33143723928707
7,0.03,98.11320754716981
7,0.03,98.73015873015873
7,0.03,97.0145477545857
7,0.03,98.07375491065771
7,0.03,98.15283400809717
8,0.03,97.89687064487521
8,0.03,98.17928941711975
8,0.03,97.74397972116603
8,0.03,97.7026003534461
8,0.03,98.33312286904913
8,0.03,97.81947261663286
8,0.03,97.76507936507937
8,0.03,97.65436794725497
8,0.03,98.47889466345543
8,0.03,98.19193324061196
9,0.03,97.15009499683343
9,0.03,96.52953054013125
9,0.03,97.64467519311131
9,0.03,97.897403419886
9,0.03,96.75908342828205
9,0.03,97.97928769891386
9,0.03,97.58166624461889
9,0.03,97.82745989642542
9,0.03,97.1590909090909
9,0.03,98.72087132725432
10,0.03,98.69998737851824
10,0.03,97.45311708058793
10,0.03,97.63859073115292
10,0.03,96.92698412698412
10,0.03,98.46544071020926
10,0.03,97.07742914979757
10,0.03,98.01567239635996
10,0.03,98.4345410932963
10,0.03,97.14141158613711
10,0.03,98.1117729058421
1,0.04,97.57188498402556
1,0.04,97.98692140017951
1,0.04,98.39969274100628
1,0.04,98.80270029295632
1,0.04,98.20765586992702
1,0.04,98.49987287058225
1,0.04,98.72040946896993
1,0.04,98.24852978777805
1,0.04,98.25997952917092
1,0.04,98.41735800893427
2,0.04,97.80825429377083
2,0.04,98.25886570221482
2,0.04,97.26237687092235
2,0.04,97.5294418842806
2,0.04,98.73530914665304
2,0.04,96.80050987890377
2,0.04,97.87369493251846
2,0.04,98.38606378890739
2,0.04,97.58126439723573
2,0.04,97.34887295081968
3,0.04,98.71206324917114
3,0.04,98.75656967055507
3,0.04,98.69565217391305
3,0.04,97.75481566526342
3,0.04,97.78602508318403
3,0.04,98.59118852459017
3,0.04,98.32908163265306
3,0.04,98.80799794924378
3,0.04,98.69881362418676
3,0.04,98.315329218107
4,0.04,98.02917839774763
4,0.04,98.81543752388231
4,0.04,98.00588009714943
4,0.04,98.60488928708563
4,0.04,96.66067300282558
4,0.04,98.32416528079825
4,0.04,97.69496734537073
4,0.04,98.78903760356916
4,0.04,98.80163182049975
4,0.04,98.80071446797652
5,0.04,98.76338602753697
5,0.04,98.34551750673336
5,0.04,98.35626911314985
5,0.04,98.65505315742283
5,0.04,98.79533512751506
5,0.04,98.26042466103863
5,0.04,98.80447358272272
5,0.04,98.91332140117616
5,0.04,98.75656967055507
5,0.04,98.88661377015613
6,0.04,98.15289892252437
6,0.04,98.39306210942482
6,0.04,98.70246659815005
6,0.04,98.88675623800384
6,0.04,98.68151561699949
6,0.04,97.84383771370247
6,0.04,98.04896710022953
6,0.04,98.29988495462099
6,0.04,98.36233367451382
6,0.04,97.91693290734824
7,0.04,98.73579364065893
7,0.04,98.68789808917198
7,0.04,97.99640380169535
7,0.04,98.7490426346694
7,0.04,98.82593159775396
7,0.04,98.73740594311951
7,0.04,98.41654961052228
7,0.04,97.89689664016414
7,0.04,98.41411945261542
7,0.04,98.71860584315736
8,0.04,98.22273366577164
8,0.04,98.82126841768097
8,0.04,98.6644407345576
8,0.04,98.33929483903935
8,0.04,98.88661377015613
8,0.04,98.52583002179209
8,0.04,98.25908858166923
8,0.04,98.76006647066343
8,0.04,97.27063044592516
8,0.04,98.40214751374154
9,0.04,98.78594249201278
9,0.04,98.65746068277714
9,0.04,98.74181538066505
9,0.04,98.47357619291944
9,0.04,98.1880821743014
9,0.04,97.72262026612077
9,0.04,98.56428662991924
9,0.04,97.27656309934791
9,0.04,98.08802771718209
9,0.04,97.87859424920129
10,0.04,98.29705505761844
10,0.04,97.13920817369093
10,0.04,98.16549069916614
10,0.04,98.72057318321393
10,0.04,97.5295934122491
10,0.04,98.33971902937421
10,0.04,98.33397411252082
10,0.04,98.24268855823499
10,0.04,97.98795335127515
10,0.04,98.18251631895558
1,0.05,98.5631067961165
1,0.05,98.4740721582827
1,0.05,98.62836438923395
1,0.05,98.20041429311239
1,0.05,98.44337787002205
1,0.05,97.86165142341878
1,0.05,98.02936630602782
1,0.05,98.74531108524124
1,0.05,98.8
1,0.05,98.13688704877734
2,0.05,98.32554517133957
2,0.05,98.02802283341983
2,0.05,97.10556919498643
2,0.05,98.14910691172663
2,0.05,96.15583075335398
2,0.05,97.35751295336787
2,0.05,98.03083300945718
2,0.05,98.08439037017862
2,0.05,98.26008506250805
2,0.05,97.724039829303
3,0.05,98.77181641887525
3,0.05,98.12782440284055
3,0.05,98.54325125692922
3,0.05,98.7088444157521
3,0.05,98.86098886875484
3,0.05,98.80332986472425
3,0.05,98.59300374338453
3,0.05,98.1299974206861
3,0.05,98.60284605433375
3,0.05,98.54362675602526
4,0.05,97.03444703444704
4,0.05,98.06201550387597
4,0.05,98.80705394190872
4,0.05,98.31294269156471
4,0.05,98.78631375080698
4,0.05,98.7582460225068
4,0.05,98.86480908152735
4,0.05,98.6496913580247
4,0.05,98.7171180510561
4,0.05,98.68624420401855
5,0.05,98.29302987197724
5,0.05,98.81060116354234
5,0.05,98.55166170955644
5,0.05,98.96440129449839
5,0.05,98.86304909560724
5,0.05,98.46952010376135
5,0.05,98.90520350334879
5,0.05,98.48700375016165
5,0.05,98.56681730148483
5,0.05,98.41249354672173
6,0.05,98.21544032070348
6,0.05,98.78694025035489
6,0.05,98.69677419354839
6,0.05,98.60968074150361
6,0.05,98.8502777418938
6,0.05,98.83525300892973
6,0.05,98.6808070356958
6,0.05,98.77545759216292
6,0.05,98.87130254281267
6,0.05,98.26424870466322
7,0.05,98.81428019074623
7,0.05,98.71233582281741
7,0.05,97.99614643545279
7,0.05,98.80751782242385
7,0.05,98.7147864468389
7,0.05,98.83585564610011
7,0.05,98.12734082397003
7,0.05,98.85235332043843
7,0.05,98.5027991146986
7,0.05,98.50650186687267
8,0.05,98.33117723156532
8,0.05,98.38919199792154
8,0.05,98.57642034424744
8,0.05,98.15608362550317
8,0.05,98.79736195525669
8,0.05,98.67772880477055
8,0.05,98.87115609186455
8,0.05,98.6482973745776
8,0.05,98.8262608022701
8,0.05,98.10126582278481
9,0.05,98.43669250645995
9,0.05,98.70951090463286
9,0.05,98.36872087001554
9,0.05,97.12591828843922
9,0.05,98.62095630880268
9,0.05,98.61774964474874
9,0.05,98.32084732627227
9,0.05,98.41681806384635
9,0.05,98.04175852677992
9,0.05,98.76224858174317
10,0.05,97.28822314049587
10,0.05,98.64568554108088
10,0.05,98.64112851041801
10,0.05,97.80446855224073
10,0.05,98.07094769549455
10,0.05,97.95918367346938
10,0.05,98.78395860284606
10,0.05,98.77810997010269
10,0.05,98.47110650427572
10,0.05,98.82307294361097
